[x,y] = meshgrid(0:1:49,0:1:49);
z = [1.0 1.0 1.0 1.0 1.0 1.0 1.0 1.0 1.0 1.0 1.0 1.0 1.0 1.0 1.0 1.0 1.0 1.0 1.0 1.0 1.0 1.0 1.0 1.1608814119172162 0.6762200868978244 0.7883534429492869 0.7018735368441684 0.9056815133474999 0.7834518347156318 1.106606830459603 1.226994172488089 1.1107521584001243 1.0 1.0 1.0 1.0 1.0 1.0 1.0 1.0 1.0 1.0 1.0 1.0 1.0 1.0 1.0 1.0 1.0 1.0 ;
1.0 1.0 1.0 1.0 1.0 1.0 1.0 1.0 1.0 1.0 1.0 1.0 1.0 1.0 1.0 1.0 1.0 1.0 1.0 1.0 1.0 1.0 1.0 1.110643625572833 1.307484607376302 1.537313813279624 1.4991645460605725 1.9468105269637004 1.4508726792838615 1.323984284600515 1.215940209197498 1.0213809559231828 1.0 1.0 1.0 0.7206293850052448 1.5073667623896356 1.2329137060368751 1.3869817467153764 0.883490771316293 0.9531908439964116 1.3389111382214172 1.0 1.0 1.0 1.0 1.0 1.0 1.0 1.0 ;
1.0 1.0 1.0 1.0 1.0 1.0 1.0 1.0 1.0 1.0 1.0 1.0 1.0 1.0 1.0 1.0 1.0 1.0 1.0 1.0 1.0 1.0 1.4328908122230426 0.9425896241941176 0.6838799631090693 2.0520216578402737 3.2546860969055786 1.0083869031583044 2.63373192619033 1.4693631400506872 1.6466784731540094 1.506241083208544 1.0 1.0 1.0 1.1193400821289963 1.841702269447498 1.583565599330649 1.6156335256601901 1.3769455273854092 1.635488943441394 1.2704573653438678 1.1696160824792572 1.473135909274959 0.7815171755293016 0.7481350139225823 1.5473095249795865 0.6882438389449143 0.7728347050230184 1.310488673872217 ;
1.0 1.0 1.0 1.0 1.0 1.0 1.0 1.0 1.0 0.7739262645266527 1.4778319459761649 1.0916142209765654 1.3518700983957213 1.5006618342420324 0.8243065595424071 1.330407388789333 1.3825407901182145 1.5114462768920816 1.0 1.0 1.0 1.0 1.3561726044444133 1.523404012413218 2.3449567582208415 3.891805284798542 2.0162981587690214 2.840457743610564 1.7634286869414493 1.8908643451465044 3.094994339312713 2.0908957990311245 1.0 1.0 1.0 1.3625626269552633 1.3978734541495543 0.9804549611275221 2.1904829522685634 1.7075586532442335 2.743350919498178 1.9360423127905892 1.420335049013766 1.8893377452653386 1.700437668111113 2.527005445173223 1.7415741122887607 1.1683778100467064 1.378070167094994 0.8877390474349438 ;
1.0 1.0 1.0 1.0 1.0 1.0 1.0 1.0 1.0 1.1309154803516828 1.3401970541531854 1.3599544149790392 1.9357111085323462 1.958280260984664 1.1284407568895247 1.7592647478758054 1.7750439948880612 0.9345254925195399 1.0 1.0 1.0 1.0 1.0252202277090845 2.6503890985347924 1.8489722354099463 3.0021278203463653 4.4133514723349805 3.4422013715586433 2.5590019572335216 2.953375083788334 1.5792916628566969 2.28631812353931 1.0 1.0 1.0 0.9960696181192924 1.2411134398722485 1.5106088621547364 2.3749266772155715 2.692171010652457 3.5121423289117 2.1292981322584246 3.069413369788385 3.1109632479688676 1.7870852677425113 1.2672878332639304 1.5574491385358198 1.5658394885021094 1.664929911587627 1.1809868059613673 ;
1.0 1.0 1.0 1.0 1.0 1.0 1.0 1.0 1.0 1.323193479831063 1.2616314363932424 0.7673929112845452 3.154003710304191 1.8404838180510485 1.2529390769258246 2.4670331528209304 1.86906262789145 0.968294976052769 1.1410128014244068 1.1646248784677857 1.0 1.0 1.5311863387794111 2.297297207822476 2.546627728361675 1.0438948806963482 5.36668555099038 6.65339835940572 3.352429743403941 3.575465702092286 2.8051216069937284 1.4374019734768508 1.0 1.0 0.7639482424422425 1.9379587440157713 1.2340459552614613 2.7903138348829053 1.5284491382615584 3.622676137520437 5.178539708766877 1.272533120492038 3.8267912571934386 1.5470073368721389 3.141059162020119 1.3844003086364227 1.4783492633189201 1.4390493591180515 1.5291676461343442 1.3619011161662673 ;
1.0 1.0 1.0 1.0 1.0 1.0 1.0 1.0 1.0 0.9646144170349199 1.9602707312676593 1.9191681105232128 2.479642332576189 1.9201522196523861 3.4482255552082433 2.324219171130133 2.060992117717239 1.365422322575379 1.5877927299286982 0.7523829217794995 1.0 1.0 1.4928741923141506 1.9782580303563948 2.3575167288597205 2.2599103480592313 3.3423172313899605 3.2716795809248556 2.929159536144164 2.1668761627058606 2.559577125408263 1.2766095998320572 1.0 1.0 1.2986188813882507 2.1660854314891305 1.239218122576212 1.8311465691686748 3.759378864059945 4.645940161615979 2.7618334132656552 1.7058534813699835 1.8467084872215775 3.395822275939836 2.1243363038470737 1.2929331976765912 1.6003906698821924 1.1581880071645414 1.3218354751308348 1.5163807139181582 ;
1.0 1.0 1.0 1.0 1.0 1.0 1.0 1.0 1.0 1.1353299071027128 1.319419462962553 1.7844856484405889 3.0677208268461 1.4514683920143925 2.2254726732822214 2.8123013138652593 2.69590856590337 1.8761508863436283 1.6234245484117973 1.0541921801745306 1.0 1.0 1.3256847986162348 0.9321255184277776 1.790746232308303 4.959115801604635 4.7724518738337585 4.4563470531118545 2.6815121512571674 3.6176232277338474 1.8365960309500433 1.48008245287411 1.0 1.0 1.1702709926515564 1.8120311902920396 1.6299480716544346 1.6012038172835017 5.589396094827995 4.276286295083476 1.885882884099559 1.6700345538474073 2.460759621515271 2.67900407942584 2.248764240133615 2.234248980229676 1.3590577389343734 1.9553554724326356 1.3222676061745546 1.2882997829929366 ;
1.0 1.0 1.0 1.0 1.0 1.0 1.0 1.1034688684873626 1.2365704417956989 1.4087323136802516 1.4175570448562045 1.0113396757894202 4.646039192250322 3.5214771474559563 2.367544830957528 3.7369629974264007 1.8145085211594956 0.7869645219782956 1.9050058885030676 1.4874008701563075 1.0 1.0 1.559158914900415 1.65866916542067 0.7188607029662547 2.3798644937702904 1.162427508950377 2.6160368066216826 2.4632044791712406 1.4729611498941484 1.0409646679872397 0.9468747723406541 0.7018504077100021 0.8774165514012572 0.9890847950872486 1.7492538069280124 1.571598929712642 1.6299352521218706 2.2234924083808427 3.806397508168805 2.476183033673965 4.0333763515469006 6.2998764081944785 4.292297541472664 2.425118440861157 1.3763770432964033 1.7682077139642614 1.2511669774831695 1.9096041403728536 0.6855377487617802 ;
0.6993125836363512 1.2591115277305023 1.0306001401789977 1.152649754417735 0.708751118368272 1.4163849374334512 1.3967306763730765 0.7534350852110883 1.525692434347353 3.078987577744125 2.0092579514832014 3.377336532919681 5.1063782794735655 3.842986558325273 2.164711782854329 0.9884269509642801 3.591952922906507 1.4209491944598291 2.913863577168608 1.9119970634067114 1.0188448290472638 0.9961323688402086 1.0458347013534757 0.8982341653357744 1.10729771804297 0.6756956324436317 0.735935971180067 1.5215233109145012 1.0897032172065684 1.0 1.0 1.0 1.4083087360613278 1.419950344981468 2.204188695201791 1.8667902815975281 1.5392151516004968 5.328201837227982 6.363643443651026 2.852779776209405 3.8295427649568925 2.046501787758028 6.890315374496022 3.5252967971020808 2.6354587274664416 2.144059965921401 1.1154171009131082 1.4757023170518617 1.4738366700510712 1.4384996675829944 ;
1.4771745441375508 1.1226970531656024 1.2062560688717394 1.5398413913025748 1.3276188215156997 1.610917930476386 1.2758355525019356 0.9084463473173421 1.8916776396407333 2.1231917397828903 2.771128981643832 3.986464836766858 3.6459218286891053 6.048941709698982 9.5598871721566 7.592827397949256 2.8914557424971874 2.9615760600183916 2.636086963264456 0.6427181727683642 1.0930164260323312 1.147650823053911 1.5195258705021966 1.2506665637627676 1.4859310557467469 1.3108872863617538 1.6093829748552648 1.4012041780496114 1.0626824505763668 1.0 1.0 1.0 1.4979737362671621 3.042570418631258 1.9527744613821745 2.6511984739448256 5.149837499786083 5.538357639304583 16.102743298506205 8.967863511674974 2.2128436571341594 6.581393253891381 7.690978079984319 0.9048773921027283 3.0244736413374143 0.29960303952186496 1.3520811696934896 0.8510788558229324 1.2217500707365485 1.2476944105464547 ;
